1(212)6286246
1(212)6074513
1(212)1127716
1(212)7646877
1(212)4210483
1(212)3375806
1(212)2018565
1(212)4378232
1(212)0481211
1(212)8708346
1(212)0120424
1(212)8078276
1(212)5635765
1(212)2475658
1(212)0646180
1(212)4726275
1(212)5506161
1(212)4121762
1(212)0813505
1(212)4113783
1(212)4426528
1(212)0207111
1(212)5175075
1(212)8831660
1(212)4677224
1(212)8305255
1(212)3631141
1(212)7672322
1(212)4143724
1(212)3884460
1(212)3586753
1(212)5215662
1(212)4578057
1(212)6287216
1(212)0084882
1(212)3307517
1(212)1175878
1(212)6043551
1(212)7632443
1(212)5124283
1(212)0717454
1(212)7340806
1(212)6563407
1(212)7112160
1(212)1713477
1(212)4332383
1(212)0624837
1(212)0503362
1(212)1205874
1(212)3733857
1(212)3646671
1(212)3767175
1(212)0137017
1(212)8572732
1(212)2853412
1(212)4204176
1(212)1650677
1(212)5585475
1(212)7265343
1(212)1005813
1(212)0200186
1(212)3466473
1(212)7321758
1(212)6842744
1(212)0738670
1(212)3315016
1(212)0204068
1(212)5732542
1(212)7157154
1(212)5401211
1(212)7041883
1(212)2621787
1(212)3387358
1(212)6454633
1(212)5532868
1(212)5836650
1(212)1036604
1(212)5153502
1(212)0128447
1(212)8586250
1(212)4231261
1(212)8157730
1(212)3126755
1(212)0425114
1(212)4428616
1(212)2764383
1(212)6201811
1(212)8537161
1(212)6718754
1(212)5552514
1(212)5700755
1(212)2247741
1(212)4470835
1(212)0425322
1(212)5840083
1(212)6753026
1(212)6485840
1(212)4670865
1(212)3570253
1(212)2681323