+375(29)1244445
+375(29)2537471
+375(29)0633533
+375(29)8370877
+375(29)7571722
+375(29)4275170
+375(29)7362405
+375(29)5506468
+375(29)1223214
+375(29)2333703
+375(29)6580437
+375(29)5477565
+375(29)2018160
+375(29)0065805
+375(29)1631454
+375(29)4335746
+375(29)7438003
+375(29)7556257
+375(29)7726205
+375(29)8317133
+375(29)2520020
+375(29)7775207
+375(29)3004127
+375(29)1285000
+375(29)4282578
+375(29)4266534
+375(29)0133425
+375(29)5368865
+375(29)2805702
+375(29)5387575
+375(29)7480081
+375(29)4503752
+375(29)3627738
+375(29)5156374
+375(29)2430430
+375(29)1532382
+375(29)7502071
+375(29)8582324
+375(29)7878632
+375(29)6130601
+375(29)4561636
+375(29)8630447
+375(29)1640652
+375(29)2514448
+375(29)7817620
+375(29)6373721
+375(29)8486134
+375(29)0180535
+375(29)3166161
+375(29)2843342
+375(29)7887081
+375(29)8826432
+375(29)7088425
+375(29)1323351
+375(29)2605226
+375(29)0618868
+375(29)3683332
+375(29)7662231
+375(29)7226062
+375(29)0175383
+375(29)8046285
+375(29)6181718
+375(29)0378701
+375(29)4885214
+375(29)1861705
+375(29)0215124
+375(29)5067486
+375(29)4174612
+375(29)7387532
+375(29)2685602
+375(29)3038676
+375(29)8176374
+375(29)6865045
+375(29)8443366
+375(29)1721567
+375(29)2655672
+375(29)0212304
+375(29)3351433
+375(29)5860681
+375(29)0785132
+375(29)8535704
+375(29)2647730
+375(29)4780471
+375(29)3052775
+375(29)0758663
+375(29)6382311
+375(29)1424787
+375(29)7121326
+375(29)5455732
+375(29)5715420
+375(29)2378883
+375(29)4747420
+375(29)4138761
+375(29)6146474
+375(29)5055656
+375(29)1233170
+375(29)0756563
+375(29)4816623
+375(29)5705247
+375(29)4273772