+7(495)6282815
+7(495)5575722
+7(495)2510388
+7(495)3185402
+7(495)7381005
+7(495)2547207
+7(495)1214483
+7(495)6608652
+7(495)6215181
+7(495)4381370
+7(495)7400234
+7(495)6282815
+7(495)5575722
+7(495)2510388
+7(495)3185402
+7(495)7381005
+7(495)2547207
+7(495)1214483
+7(495)6608652
+7(495)6215181
+7(495)4381370
+7(495)7400234
+7(495)2482434
+7(495)2235854
+7(495)0122545
+7(495)4881812
+7(495)8382787
+7(495)1801027
+7(495)5857282
+7(495)8007724
+7(495)6838425
+7(495)5272571
+7(495)1233678
+7(495)4006771
+7(495)3522208
+7(495)4414601
+7(495)3136064
+7(495)0513310
+7(495)7506311
+7(495)7466068
+7(495)5208634
+7(495)8275612
+7(495)2545301
+7(495)0248054
+7(495)1457307
+7(495)8223370
+7(495)0236254
+7(495)7247185
+7(495)1334022
+7(495)6225306
+7(495)1840738
+7(495)4348508
+7(495)8761000
+7(495)4808524
+7(495)5350646
+7(495)3208414
+7(495)8124566
+7(495)0413007
+7(495)2852562
+7(495)5374553
+7(495)1306353
+7(495)1256138
+7(495)5157774
+7(495)3505458
+7(495)8137560
+7(495)1665442
+7(495)2447000
+7(495)1654781
+7(495)3048663
+7(495)8567516
+7(495)1838814
+7(495)1554741
+7(495)1365835
+7(495)7876847
+7(495)5440676
+7(495)3328634
+7(495)4534328
+7(495)5251431
+7(495)4415550
+7(495)5538373
+7(495)6711177
+7(495)6884720
+7(495)2117210
+7(495)8636866
+7(495)6761732
+7(495)5742551
+7(495)8210645
+7(495)6028522
+7(495)5505555
+7(495)0152852
+7(495)1043870
+7(495)7763282
+7(495)1645503
+7(495)0465360
+7(495)1223350
+7(495)3167453
+7(495)8031547
+7(495)4030625